2.999999999999999889e-01
3.049999999999999933e-01
3.099999999999999978e-01
3.150000000000000022e-01
3.200000000000000067e-01
3.250000000000000111e-01
3.300000000000000155e-01
3.350000000000000200e-01
3.400000000000000244e-01
3.450000000000000289e-01
3.499999999999999778e-01
3.549999999999999822e-01
3.599999999999999867e-01
3.649999999999999911e-01
3.699999999999999956e-01
3.750000000000000000e-01
3.800000000000000044e-01
3.850000000000000089e-01
3.900000000000000133e-01
3.950000000000000178e-01
4.000000000000000222e-01
